# L = 1
0.695205 -0.238197
0.676293 -0.043559
-0.407208 -0.167436
0.161275 -0.52859
0.33998 0.118576
-0.327614 -0.142199
0.706417 -0.381902
0.339135 -0.611645
-0.00256434 -0.581448
0.229267 -0.0168769
0.535897 -0.592686
0.138196 -0.468768
0.532553 -0.684692
0.333113 -0.676086
-0.252779 -0.0233764
-0.148213 -0.156553
0.332586 -0.848783
0.16346 -0.458739
0.343274 -0.483954
0.248373 -0.32316
0.00377096 -0.0515491
0.512116 0.257933
0.527696 -0.11734
0.220859 -0.675591
0.0386795 0.205539
0.116136 0.170975
0.680252 -0.264238
0.609589 -0.291459
-0.0879799 -0.194128
0.115603 -0.653838
0.64137 -0.11594
0.0261597 -0.0222601
-0.0655374 -0.733777
-0.138706 -0.246929
-0.00111417 -0.606751
0.527492 0.0312408
0.351659 -0.582518
0.833547 -0.352805
-0.295371 -0.00904845
0.132122 -0.0901756
0.732628 -0.495425
-0.350643 -0.0282093
0.0532879 -0.750306
0.495259 -0.444997
0.597776 -0.181531
0.776123 -0.230825
0.513767 -0.292029
0.10848 -0.484936
0.683671 -0.21452
0.186997 0.167401
0.25909 0.213245
-0.428363 -0.104082
0.180574 0.385907
0.383434 -0.427126
-0.0775974 0.00663691
0.119692 -0.325389
0.503602 -0.274614
-0.371376 -0.203405
-0.0581104 -0.355678
0.259066 -0.896944
0.783025 -0.418677
0.128161 -0.407979
0.326836 0.0660721
0.582429 -0.1717
0.37827 -0.112503
0.27348 0.240763
-0.342219 -0.135059
-0.11138 -0.381035
0.217103 0.387758
0.0567559 -0.299837
0.536952 -0.477707
0.267853 0.164881
0.437681 -0.208716
0.0345699 0.106318
0.511968 -0.347668
0.271653 -0.260518
0.320738 -0.617857
-0.320997 -0.137263
0.47098 -0.366288
-0.186129 -0.175558
0.148101 0.0129673
0.510037 0.0856711
0.153121 -0.89067
0.559526 0.243463
0.675709 -0.424037
0.166599 -0.898918
0.00105692 -0.364886
-0.126778 0.127728
0.212643 0.32048
-0.0267105 -0.434822
0.534595 0.210436
0.203283 0.309306
0.342988 -0.184309
0.114473 -0.496696
-0.138965 0.123358
-0.0317618 -0.0854136
-0.249176 -0.387208
0.211708 0.131517
0.00503235 -0.179417
0.247088 -0.471785
0.487966 -0.219773
0.134965 -0.195454
-0.207708 -0.619368
-0.0931943 -0.608046
0.579317 -0.601279
0.54352 -0.31901
0.331853 -0.310256
0.66509 -0.00350366
-0.212809 0.0365198
0.469494 -0.479538
0.0526727 -0.0614919
0.554897 0.0939259
0.606046 -0.506327
-0.288842 0.0243192
0.146234 -0.449918
-0.0060836 0.182242
0.647121 -0.315669
0.00409272 -0.340615
0.0216796 -0.783502
0.274337 -0.856008
0.33234 -0.496329
-0.246775 -0.0238007
0.429754 -0.455693
0.357262 0.212923
0.52274 0.00636623
0.412158 -0.0804491
-0.0108648 -0.382955
0.720408 -0.204722
0.432387 -0.488559
-0.18431 -0.370864
0.199985 -0.575327
-0.20146 -0.182437
-0.276517 -0.301817
-0.204396 -0.496714
0.321801 -0.467579
0.449702 0.352164
0.141219 0.0770304
0.522481 -0.425402
0.606495 -0.369957
0.0171052 -0.3208
0.36107 -0.183909
-0.265129 -0.499098
0.441364 -0.701648
0.724753 -0.415955
0.190741 0.060869
0.190855 0.299046
0.787168 -0.194875
0.437092 -0.208034
0.732021 -0.137947
0.665717 -0.113923
0.0664309 -0.408703
0.0372292 0.042286
0.0466937 -0.784307
0.613027 -0.515827
0.223606 -0.862449
0.111516 0.0491726
0.533016 -0.460804
0.253038 0.381265
0.272155 -0.538991
0.593414 -0.121247
0.479116 -0.293898
0.566457 0.15277
0.025829 -0.245341
0.376132 0.472052
-0.211122 -0.530464
0.165766 -0.355091
0.550063 -0.619038
0.539001 0.111246
0.422018 -0.194416
0.131228 -0.742859
0.325288 -0.825072
0.168594 -0.109256
-0.244264 -0.11425
-0.274783 -0.0291406
0.0686588 -0.0434545
-0.257717 -0.413049
0.263121 -0.0322982
-0.161399 -0.115089
0.0506812 0.121992
0.364372 0.416522
0.162638 0.18615
0.790837 -0.273679
0.288751 0.444333
0.264 0.176531
0.599835 -0.479166
0.544825 0.325224
0.165488 0.103349
0.270902 -0.421358
0.168125 -0.490881
-0.317293 -0.0350356
0.132949 0.0866226
0.409637 0.360048
0.095017 -0.2519
0.177148 0.189922
0.371293 0.161751
0.772174 -0.465266
0.442276 0.2394
0.619576 0.0935726
0.643528 -0.190027
0.426228 -0.34837
0.162512 -0.562553
-0.293949 -0.421144
-0.114766 0.0435561
0.757785 -0.146664
-0.0220038 0.0882201
-0.223683 -0.301643
-0.0355398 -0.0322103
-0.244756 -0.150622
-0.186429 -0.0087619
-0.155928 0.0968043
0.217083 0.311536
0.423331 -0.614221
-0.212941 -0.222923
0.458052 0.0219182
0.653692 -0.537769
-0.247256 -0.0381483
-0.061348 -0.024675
0.811622 -0.282533
0.592769 -0.132395
-0.0224251 -0.773594
-0.112241 -0.561284
0.547619 0.208063
-0.206571 -0.166256
-0.0507066 0.21423
-0.041825 -0.471187
0.123772 -0.416832
0.566587 -0.196411
-0.35855 -0.160473
0.170247 -0.628229
0.573386 -0.0687239
-0.0266273 -0.30243
-0.394141 -0.229647
0.642184 0.0626971
0.312321 0.475736
0.154679 0.239842
-0.0152049 -0.508908
0.159931 -0.115215
-0.27818 -0.357906
0.101531 -0.550749
0.787788 -0.387335
0.512154 -0.364258
0.304674 0.303334
-0.264466 -0.196011
0.639245 0.0221701
0.797591 -0.226687
-0.060024 0.146092
0.305406 0.235362
0.405844 0.0755728
-0.0202982 -0.314925
0.176623 -0.14371
-0.108497 -0.263643
0.250983 -0.686665
-0.27264 -0.377494
0.646914 -0.226982
0.106966 -0.284294
-0.0823875 -0.366569
0.290139 -0.371133
0.114229 0.0598488
0.264981 -0.0145972
0.147294 -0.735623
0.141575 0.0336363
-0.0557146 -0.394838
0.252591 -0.0104084
0.376751 0.307263
0.605804 0.0355513
0.229083 -0.131386
0.284222 -0.0396218
0.274038 -0.472365
0.632709 -0.3376
0.215635 0.179622
0.351068 -0.0922449
0.115227 -0.671393
0.409407 0.21397
0.548714 0.166367
0.032934 -0.566607
0.56536 0.139186
-0.0625136 -0.474716
0.155868 0.108929
-0.094415 -0.437488
0.167467 -0.457161
0.541709 -0.398108
-0.064905 -0.667911
0.482043 -0.0246739
0.743392 -0.279039
0.218437 -0.548709
0.198681 -0.405412
0.372014 -0.393986
0.541831 -0.519411
-0.1512 0.0755463
0.296473 -0.581074
0.122852 0.140884
0.456152 -0.0542688
0.489487 0.0595314
0.698979 -0.32454
0.468505 0.288526
0.597127 -0.195221
0.206557 -0.69432
-0.261623 -0.411146
0.440604 0.380339
0.352671 -0.735508
0.180499 0.367852
0.635487 0.122455
0.798785 -0.210873
0.317602 -0.448088
-0.0828034 -0.222851
0.340964 0.493513
0.0368612 -0.580594
-0.0578292 -0.282938
0.262252 -0.516136
0.425215 0.237083
0.386135 -0.391623
0.344072 -0.410718
0.389866 0.279203
0.252569 0.0410136
0.445213 -0.564509
0.212798 -0.169329
-0.00040119 0.123803
0.432406 -0.361334
0.455073 -0.309982
0.0391064 -0.526389
-0.327782 -0.23108
0.131114 -0.399438
0.690541 -0.236832
0.612566 -0.469641
0.189767 -0.364127
0.386682 0.161627
0.0982786 -0.710876
0.0375634 0.0231501
0.275532 -0.357404
0.263957 0.0453583
-0.0653343 0.103733
0.436425 0.180076
-0.0852587 -0.558644
0.555291 0.199278
0.36672 0.519136
0.288175 0.33492
-0.230714 -0.0966836
0.208682 -0.433177
-0.390264 -0.200792
0.747417 -0.396579
-0.17524 -0.049818
0.429099 -0.44616
0.155263 -0.667691
0.223547 0.0302284
0.500372 0.227062
0.394307 0.345081
-0.301047 -0.357502
-0.067822 0.0239914
0.264501 -0.561075
0.295986 0.0260498
0.0166503 -0.249216
0.131716 0.175323
0.228951 -0.531223
0.665652 -0.113416
0.377327 0.0458382
0.414054 -0.797744
0.104764 -0.248968
0.483511 -0.619311
0.388962 -0.141303
0.448526 -0.607501
-0.166187 0.0736385
-0.245818 -0.063128
0.523142 0.062124
0.301523 0.479012
0.200408 0.417074
0.218272 -0.955565
0.108185 -0.637196
-0.296652 -0.00168514
0.622511 -0.6044
0.35403 -0.407724
0.615947 -0.506913
0.319298 0.141073
0.134384 -0.560822
0.284957 0.00912929
0.188132 0.38347
0.204377 0.313748
0.371211 -0.0316922
0.269281 0.236739
0.286177 0.0875852
0.0293645 -0.615883
0.129591 -0.0709065
-0.0195459 -0.0399921
0.594256 0.0632442
-0.251352 -0.0549119
0.0813687 0.293541


